   59.9798  310.1933
   15.6250  491.2127
   16.6331  515.8172
   29.7379  565.0264
   66.0282  654.6573
   87.1976  688.0492
  177.9234  830.4042
  233.3669  895.4306
  248.4879  905.9754
  320.0605  942.8822
  405.7460  974.5167
  521.6734  993.8489
  618.4476  949.9121
  660.7863  927.0650
  681.9556  913.0053
  866.4315  688.0492
  929.9395  591.3884
  929.9395  498.2425
  912.8024  392.7944
  887.6008  311.9508
  832.1573  192.4429
  732.3589   72.9350
  690.0202   50.0879
  630.5444   21.9684
  597.2782   11.4236
  524.6976   16.6960
  482.3589   21.9684
  456.1492   27.2408
  424.8992   34.2707
  346.2702   55.3603
  295.8669   74.6924
  239.4153   97.5395
  179.9395  127.4165
  128.5282  167.8383
  103.3266  206.5026
   85.1815  243.4095
   67.0363  283.8313
   59.9798  310.1933
